9
0,1,17,4,13,7,9,8,77
1,0,24,15,10,29,3,3,10
17,24,0,55,7,2,33,5,2
4,15,55,0,11,5,2,1,15
13,10,7,11,0,22,10,5,3
7,29,2,5,22,0,8,17,8
9,3,33,2,10,8,0,13,8
8,3,5,1,5,17,13,0,7
77,10,2,15,3,8,8,7,0
4
5